%YAML:1.0
R: !!opencv-matrix
   rows: 3
   cols: 3
   dt: d
   data: [ 9.9998290104632837e-001, 2.3691097806786254e-003,
       -5.3464879889744106e-003, -2.2691171837736189e-003,
       9.9982384028282056e-001, 1.8631680260224635e-002,
       5.3896866490973335e-003, -1.8619229870218423e-002,
       9.9981212012900933e-001 ]
T: !!opencv-matrix
   rows: 3
   cols: 1
   dt: d
   data: [ -6.0286232673849021e+001, 5.1842542958111648e-001,
       1.0252717424973143e+000 ]
R1: !!opencv-matrix
   rows: 3
   cols: 3
   dt: d
   data: [ 9.9972922950050447e-001, -5.9110498369893518e-003,
       -2.2506158538324186e-002, 6.1199237229375460e-003,
       9.9993873763418528e-001, 9.2232050924584853e-003,
       2.2450260932848416e-002, -9.3584436941595347e-003,
       9.9970415889685604e-001 ]
R2: !!opencv-matrix
   rows: 3
   cols: 3
   dt: d
   data: [ 9.9981846015704523e-001, -8.5978388716745763e-003,
       -1.7003643607520168e-002, 8.4394719668076327e-003,
       9.9992054569314093e-001, -9.3636325030912737e-003,
       1.7082799598318394e-002, 9.2184308571579190e-003,
       9.9981158149444116e-001 ]
P1: !!opencv-matrix
   rows: 3
   cols: 4
   dt: d
   data: [ 7.5614111481541840e+002, 0., 3.8686952590942383e+002, 0., 0.,
       7.5614111481541840e+002, 2.0960811996459961e+002, 0., 0., 0., 1.,
       0. ]
P2: !!opencv-matrix
   rows: 3
   cols: 4
   dt: d
   data: [ 7.5614111481541840e+002, 0., 3.8686952590942383e+002,
       -4.5593176160065806e+004, 0., 7.5614111481541840e+002,
       2.0960811996459961e+002, 0., 0., 0., 1., 0. ]
Q: !!opencv-matrix
   rows: 4
   cols: 4
   dt: d
   data: [ 1., 0., 0., -3.8686952590942383e+002, 0., 1., 0.,
       -2.0960811996459961e+002, 0., 0., 0., 7.5614111481541840e+002, 0.,
       0., 1.6584523792788713e-002, 0. ]
