%YAML:1.0
M1: !!opencv-matrix
   rows: 3
   cols: 3
   dt: d
   data: [ 7.0955474678986252e+002, 0., 3.6722157909339018e+002, 0.,
       7.0955474678986252e+002, 2.1197128606514360e+002, 0., 0., 1. ]
D1: !!opencv-matrix
   rows: 1
   cols: 14
   dt: d
   data: [ 6.9934016934624033e-002, -1.0858104936414785e-001,
       -2.2913233872704883e-003, 1.7258038168127313e-003, 0., 0., 0., 0.,
       0., 0., 0., 0., 0., 0. ]
M2: !!opencv-matrix
   rows: 3
   cols: 3
   dt: d
   data: [ 7.0955474678986252e+002, 0., 3.7080916936839168e+002, 0.,
       7.0955474678986252e+002, 2.0915032251072680e+002, 0., 0., 1. ]
D2: !!opencv-matrix
   rows: 1
   cols: 14
   dt: d
   data: [ 6.6132237234653807e-002, -1.1289564523079321e-001,
       -2.8759169280570610e-003, -2.4196153838816140e-003, 0., 0., 0.,
       0., 0., 0., 0., 0., 0., 0. ]
