%YAML:1.0
---
M: !!opencv-matrix
   rows: 3
   cols: 3
   dt: d
   data: [ 7.1200147083525394e+02, 0., 2.8882311088077671e+02, 0.,
       7.1405027367580340e+02, 2.7541218528524644e+02, 0., 0., 1. ]
D: !!opencv-matrix
   rows: 1
   cols: 5
   dt: d
   data: [ -1.0252742687559310e-01, 3.7360720450881052e-01,
       1.0976207222206822e-02, -1.7861522312178212e-03,
       -9.5930861147722946e-01 ]
